0.188
0.192
0.196
0.201
0.205
0.209
0.213
0.217
0.221
0.226
0.23
0.234
0.238
0.242
0.247
0.251
0.255
0.259
0.263
0.268
0.272
0.276
0.28
0.284
0.288
0.293
0.297
0.301
0.305
0.309
0.314
0.318
0.322
0.326
0.33
0.335
0.339
0.343
0.347
0.351
0.355
0.36
0.364
0.368
0.372
0.376
0.381
0.385
0.389
0.393
0.397
0.402
0.406
0.41
0.414
0.418
0.423
0.427
0.431
0.435
0.439
0.443
0.448
0.452
0.456
0.46
0.464
0.469
0.473
0.477
0.481
0.485
0.49
0.494
0.498
0.502
0.506
0.51
0.515
0.519
0.523
0.527
0.531
0.536
0.54
0.544
0.548
0.552
0.557
0.561
0.565
0.569
0.573
0.578
0.582
0.586
0.59
0.594
0.598
0.603
0.607
0.611
0.615
0.619
0.624
0.628
0.632
0.636
0.64
0.645
0.649
0.653
0.657
0.661
0.665
0.67
0.674
0.678
0.682
0.686
0.691
0.695
0.699
0.703
0.707
0.712
0.716
0.72
0.724
0.728
0.732
0.737
0.741
0.745
0.749
0.753
0.758
0.762
0.766
0.77
0.774
0.779
0.783
0.787
0.791
0.795
0.8
0.804
0.808
0.812
